1.053000000000000000e+03
6.070000000000000000e+02
6.890000000000000000e+02
9.420000000000000000e+02
1.207000000000000000e+03
1.693000000000000000e+03
1.901000000000000000e+03
2.076000000000000000e+03
2.058000000000000000e+03
2.116000000000000000e+03
1.912000000000000000e+03
1.848000000000000000e+03
1.729000000000000000e+03
1.617000000000000000e+03
1.442000000000000000e+03
1.283000000000000000e+03
1.125000000000000000e+03
1.057000000000000000e+03
9.840000000000000000e+02
9.390000000000000000e+02
8.900000000000000000e+02
8.640000000000000000e+02
8.270000000000000000e+02
8.090000000000000000e+02
7.330000000000000000e+02
7.280000000000000000e+02
7.380000000000000000e+02
6.980000000000000000e+02
6.590000000000000000e+02
6.490000000000000000e+02
6.170000000000000000e+02
6.680000000000000000e+02
6.180000000000000000e+02
6.230000000000000000e+02
6.880000000000000000e+02
6.230000000000000000e+02
6.290000000000000000e+02
6.280000000000000000e+02
6.060000000000000000e+02
6.010000000000000000e+02
6.330000000000000000e+02
6.390000000000000000e+02
6.610000000000000000e+02
6.880000000000000000e+02
7.200000000000000000e+02
6.970000000000000000e+02
8.100000000000000000e+02
8.290000000000000000e+02
9.020000000000000000e+02
9.070000000000000000e+02
1.010000000000000000e+03
1.081000000000000000e+03
1.158000000000000000e+03
1.174000000000000000e+03
1.213000000000000000e+03
1.266000000000000000e+03
1.265000000000000000e+03
1.339000000000000000e+03
1.452000000000000000e+03
1.452000000000000000e+03
1.458000000000000000e+03
1.456000000000000000e+03
1.542000000000000000e+03
1.452000000000000000e+03
1.497000000000000000e+03
1.650000000000000000e+03
1.594000000000000000e+03
1.615000000000000000e+03
1.560000000000000000e+03
1.436000000000000000e+03
1.408000000000000000e+03
1.371000000000000000e+03
1.318000000000000000e+03
1.268000000000000000e+03
1.231000000000000000e+03
1.121000000000000000e+03
1.000000000000000000e+03
9.480000000000000000e+02
8.950000000000000000e+02
8.920000000000000000e+02
7.990000000000000000e+02
7.870000000000000000e+02
6.860000000000000000e+02
6.640000000000000000e+02
7.140000000000000000e+02
6.300000000000000000e+02
6.110000000000000000e+02
6.330000000000000000e+02
5.710000000000000000e+02
5.850000000000000000e+02
5.730000000000000000e+02
6.140000000000000000e+02
5.740000000000000000e+02
5.230000000000000000e+02
5.730000000000000000e+02
5.060000000000000000e+02
5.150000000000000000e+02
4.800000000000000000e+02
4.510000000000000000e+02
4.540000000000000000e+02
4.720000000000000000e+02
4.660000000000000000e+02
4.780000000000000000e+02
4.930000000000000000e+02
4.990000000000000000e+02
4.930000000000000000e+02
5.750000000000000000e+02
5.990000000000000000e+02
5.310000000000000000e+02
5.920000000000000000e+02
5.720000000000000000e+02
5.320000000000000000e+02
5.260000000000000000e+02
5.730000000000000000e+02
5.590000000000000000e+02
6.120000000000000000e+02
6.100000000000000000e+02
6.260000000000000000e+02
5.730000000000000000e+02
5.170000000000000000e+02
4.880000000000000000e+02
5.070000000000000000e+02
4.910000000000000000e+02
5.190000000000000000e+02
5.050000000000000000e+02
5.410000000000000000e+02
5.100000000000000000e+02
4.970000000000000000e+02
4.160000000000000000e+02
4.130000000000000000e+02
4.470000000000000000e+02
4.880000000000000000e+02
4.620000000000000000e+02
4.890000000000000000e+02
5.080000000000000000e+02
4.680000000000000000e+02
5.040000000000000000e+02
5.240000000000000000e+02
5.040000000000000000e+02
4.240000000000000000e+02
4.030000000000000000e+02
3.880000000000000000e+02
4.180000000000000000e+02
3.350000000000000000e+02
3.790000000000000000e+02
3.890000000000000000e+02
4.310000000000000000e+02
4.080000000000000000e+02
3.720000000000000000e+02
3.580000000000000000e+02
3.420000000000000000e+02
3.130000000000000000e+02
3.470000000000000000e+02
3.190000000000000000e+02
3.180000000000000000e+02
3.310000000000000000e+02
3.570000000000000000e+02
3.920000000000000000e+02
4.210000000000000000e+02
4.490000000000000000e+02
4.160000000000000000e+02
4.720000000000000000e+02
4.390000000000000000e+02
4.250000000000000000e+02
4.210000000000000000e+02
4.040000000000000000e+02
3.990000000000000000e+02
4.100000000000000000e+02
3.890000000000000000e+02
4.190000000000000000e+02
4.500000000000000000e+02
4.620000000000000000e+02
5.030000000000000000e+02
5.640000000000000000e+02
5.670000000000000000e+02
5.890000000000000000e+02
6.400000000000000000e+02
6.270000000000000000e+02
6.420000000000000000e+02
7.030000000000000000e+02
7.410000000000000000e+02
8.100000000000000000e+02
1.022000000000000000e+03
1.155000000000000000e+03
1.147000000000000000e+03
1.174000000000000000e+03
1.239000000000000000e+03
1.316000000000000000e+03
1.393000000000000000e+03
1.426000000000000000e+03
1.617000000000000000e+03
1.604000000000000000e+03
1.522000000000000000e+03
1.575000000000000000e+03
1.556000000000000000e+03
1.591000000000000000e+03
1.634000000000000000e+03
1.606000000000000000e+03
1.644000000000000000e+03
1.637000000000000000e+03
1.687000000000000000e+03
1.693000000000000000e+03
1.982000000000000000e+03
2.179000000000000000e+03
2.506000000000000000e+03
2.987000000000000000e+03
3.205000000000000000e+03
3.664000000000000000e+03
4.786000000000000000e+03
6.526000000000000000e+03
8.236000000000000000e+03
8.823000000000000000e+03
7.464000000000000000e+03
5.488000000000000000e+03
3.691000000000000000e+03
2.488000000000000000e+03
1.444000000000000000e+03
1.035000000000000000e+03
7.600000000000000000e+02
5.970000000000000000e+02
4.460000000000000000e+02
3.250000000000000000e+02
2.630000000000000000e+02
1.650000000000000000e+02
9.700000000000000000e+01
9.100000000000000000e+01
7.100000000000000000e+01
6.100000000000000000e+01
6.700000000000000000e+01
7.200000000000000000e+01
5.600000000000000000e+01
5.600000000000000000e+01
5.900000000000000000e+01
4.100000000000000000e+01
5.800000000000000000e+01
3.800000000000000000e+01
2.800000000000000000e+01
3.700000000000000000e+01
3.300000000000000000e+01
3.400000000000000000e+01
3.400000000000000000e+01
3.500000000000000000e+01
3.900000000000000000e+01
5.000000000000000000e+01
6.000000000000000000e+01
6.400000000000000000e+01
7.700000000000000000e+01
6.600000000000000000e+01
4.300000000000000000e+01
2.700000000000000000e+01
9.000000000000000000e+00
6.000000000000000000e+00
1.000000000000000000e+00
1.000000000000000000e+00
0.000000000000000000e+00
1.000000000000000000e+00
1.159000000000000000e+03
8.290000000000000000e+02
9.700000000000000000e+02
1.108000000000000000e+03
1.294000000000000000e+03
1.436000000000000000e+03
1.688000000000000000e+03
2.204000000000000000e+03
2.308000000000000000e+03
2.241000000000000000e+03
1.837000000000000000e+03
1.729000000000000000e+03
1.495000000000000000e+03
1.507000000000000000e+03
1.504000000000000000e+03
1.403000000000000000e+03
1.332000000000000000e+03
1.237000000000000000e+03
1.151000000000000000e+03
1.055000000000000000e+03
9.140000000000000000e+02
8.250000000000000000e+02
7.680000000000000000e+02
7.580000000000000000e+02
7.340000000000000000e+02
7.370000000000000000e+02
6.640000000000000000e+02
7.320000000000000000e+02
6.730000000000000000e+02
7.310000000000000000e+02
6.610000000000000000e+02
6.810000000000000000e+02
6.610000000000000000e+02
6.420000000000000000e+02
5.990000000000000000e+02
6.670000000000000000e+02
7.580000000000000000e+02
8.210000000000000000e+02
7.480000000000000000e+02
7.220000000000000000e+02
7.840000000000000000e+02
8.330000000000000000e+02
7.500000000000000000e+02
7.910000000000000000e+02
8.060000000000000000e+02
8.410000000000000000e+02
8.400000000000000000e+02
8.790000000000000000e+02
9.140000000000000000e+02
1.032000000000000000e+03
1.018000000000000000e+03
1.047000000000000000e+03
1.056000000000000000e+03
1.127000000000000000e+03
1.168000000000000000e+03
1.175000000000000000e+03
1.159000000000000000e+03
1.185000000000000000e+03
1.153000000000000000e+03
1.232000000000000000e+03
1.268000000000000000e+03
1.314000000000000000e+03
1.339000000000000000e+03
1.435000000000000000e+03
1.486000000000000000e+03
1.516000000000000000e+03
1.594000000000000000e+03
1.584000000000000000e+03
1.622000000000000000e+03
1.699000000000000000e+03
1.660000000000000000e+03
1.626000000000000000e+03
1.564000000000000000e+03
1.605000000000000000e+03
1.512000000000000000e+03
1.330000000000000000e+03
1.355000000000000000e+03
1.238000000000000000e+03
1.123000000000000000e+03
1.100000000000000000e+03
1.062000000000000000e+03
9.730000000000000000e+02
1.047000000000000000e+03
1.001000000000000000e+03
8.880000000000000000e+02
8.220000000000000000e+02
7.320000000000000000e+02
7.570000000000000000e+02
6.940000000000000000e+02
7.060000000000000000e+02
5.940000000000000000e+02
5.660000000000000000e+02
5.420000000000000000e+02
5.230000000000000000e+02
5.020000000000000000e+02
5.410000000000000000e+02
5.060000000000000000e+02
5.320000000000000000e+02
5.800000000000000000e+02
5.880000000000000000e+02
6.420000000000000000e+02
6.130000000000000000e+02
5.790000000000000000e+02
5.830000000000000000e+02
5.460000000000000000e+02
5.610000000000000000e+02
5.660000000000000000e+02
6.300000000000000000e+02
6.010000000000000000e+02
6.370000000000000000e+02
5.540000000000000000e+02
5.210000000000000000e+02
5.010000000000000000e+02
5.170000000000000000e+02
4.340000000000000000e+02
4.860000000000000000e+02
5.000000000000000000e+02
4.980000000000000000e+02
4.980000000000000000e+02
5.390000000000000000e+02
5.270000000000000000e+02
5.200000000000000000e+02
5.090000000000000000e+02
4.620000000000000000e+02
4.690000000000000000e+02
4.670000000000000000e+02
4.280000000000000000e+02
4.570000000000000000e+02
4.220000000000000000e+02
4.610000000000000000e+02
4.640000000000000000e+02
4.580000000000000000e+02
4.400000000000000000e+02
5.210000000000000000e+02
4.500000000000000000e+02
4.430000000000000000e+02
4.540000000000000000e+02
4.290000000000000000e+02
4.770000000000000000e+02
4.880000000000000000e+02
4.860000000000000000e+02
4.770000000000000000e+02
4.610000000000000000e+02
4.610000000000000000e+02
4.400000000000000000e+02
4.530000000000000000e+02
4.300000000000000000e+02
3.850000000000000000e+02
3.500000000000000000e+02
3.270000000000000000e+02
3.490000000000000000e+02
3.610000000000000000e+02
3.360000000000000000e+02
3.120000000000000000e+02
2.940000000000000000e+02
2.890000000000000000e+02
2.980000000000000000e+02
3.090000000000000000e+02
2.940000000000000000e+02
3.410000000000000000e+02
3.810000000000000000e+02
3.720000000000000000e+02
4.010000000000000000e+02
3.180000000000000000e+02
3.440000000000000000e+02
3.100000000000000000e+02
3.750000000000000000e+02
3.880000000000000000e+02
3.830000000000000000e+02
3.650000000000000000e+02
4.250000000000000000e+02
3.940000000000000000e+02
4.080000000000000000e+02
4.090000000000000000e+02
4.450000000000000000e+02
4.410000000000000000e+02
4.690000000000000000e+02
5.810000000000000000e+02
6.420000000000000000e+02
5.890000000000000000e+02
5.660000000000000000e+02
6.640000000000000000e+02
6.550000000000000000e+02
6.450000000000000000e+02
6.770000000000000000e+02
6.830000000000000000e+02
7.960000000000000000e+02
9.080000000000000000e+02
1.092000000000000000e+03
1.385000000000000000e+03
1.375000000000000000e+03
1.578000000000000000e+03
1.617000000000000000e+03
1.730000000000000000e+03
1.669000000000000000e+03
1.707000000000000000e+03
1.878000000000000000e+03
1.935000000000000000e+03
1.686000000000000000e+03
1.808000000000000000e+03
1.898000000000000000e+03
1.843000000000000000e+03
1.870000000000000000e+03
1.756000000000000000e+03
1.727000000000000000e+03
1.491000000000000000e+03
1.484000000000000000e+03
1.534000000000000000e+03
1.472000000000000000e+03
1.344000000000000000e+03
1.250000000000000000e+03
1.205000000000000000e+03
1.285000000000000000e+03
1.496000000000000000e+03
1.523000000000000000e+03
1.663000000000000000e+03
1.601000000000000000e+03
1.571000000000000000e+03
1.752000000000000000e+03
1.864000000000000000e+03
2.052000000000000000e+03
2.073000000000000000e+03
2.486000000000000000e+03
2.817000000000000000e+03
3.191000000000000000e+03
3.589000000000000000e+03
3.559000000000000000e+03
4.246000000000000000e+03
4.713000000000000000e+03
4.428000000000000000e+03
2.945000000000000000e+03
1.454000000000000000e+03
7.640000000000000000e+02
5.090000000000000000e+02
3.160000000000000000e+02
1.330000000000000000e+02
8.100000000000000000e+01
5.100000000000000000e+01
5.000000000000000000e+01
3.900000000000000000e+01
3.000000000000000000e+01
3.200000000000000000e+01
2.700000000000000000e+01
3.100000000000000000e+01
2.900000000000000000e+01
3.300000000000000000e+01
3.400000000000000000e+01
3.800000000000000000e+01
4.600000000000000000e+01
5.300000000000000000e+01
6.600000000000000000e+01
6.700000000000000000e+01
7.600000000000000000e+01
7.200000000000000000e+01
3.200000000000000000e+01
1.100000000000000000e+01
1.339000000000000000e+03
7.600000000000000000e+02
8.170000000000000000e+02
8.580000000000000000e+02
1.019000000000000000e+03
1.073000000000000000e+03
1.159000000000000000e+03
1.378000000000000000e+03
1.747000000000000000e+03
1.895000000000000000e+03
1.854000000000000000e+03
1.678000000000000000e+03
1.499000000000000000e+03
1.447000000000000000e+03
1.345000000000000000e+03
1.366000000000000000e+03
1.352000000000000000e+03
1.238000000000000000e+03
1.199000000000000000e+03
1.212000000000000000e+03
1.259000000000000000e+03
1.189000000000000000e+03
1.094000000000000000e+03
9.910000000000000000e+02
9.240000000000000000e+02
8.310000000000000000e+02
7.800000000000000000e+02
8.500000000000000000e+02
8.230000000000000000e+02
8.290000000000000000e+02
8.410000000000000000e+02
8.880000000000000000e+02
8.770000000000000000e+02
8.020000000000000000e+02
8.200000000000000000e+02
7.620000000000000000e+02
7.170000000000000000e+02
7.680000000000000000e+02
7.760000000000000000e+02
7.670000000000000000e+02
7.670000000000000000e+02
8.090000000000000000e+02
8.530000000000000000e+02
9.160000000000000000e+02
9.700000000000000000e+02
9.610000000000000000e+02
9.790000000000000000e+02
9.790000000000000000e+02
1.048000000000000000e+03
1.113000000000000000e+03
1.162000000000000000e+03
1.157000000000000000e+03
1.188000000000000000e+03
1.188000000000000000e+03
1.244000000000000000e+03
1.236000000000000000e+03
1.343000000000000000e+03
1.324000000000000000e+03
1.294000000000000000e+03
1.348000000000000000e+03
1.379000000000000000e+03
1.382000000000000000e+03
1.365000000000000000e+03
1.293000000000000000e+03
1.331000000000000000e+03
1.307000000000000000e+03
1.479000000000000000e+03
1.534000000000000000e+03
1.635000000000000000e+03
1.769000000000000000e+03
1.796000000000000000e+03
1.794000000000000000e+03
1.731000000000000000e+03
1.730000000000000000e+03
1.692000000000000000e+03
1.683000000000000000e+03
1.624000000000000000e+03
1.641000000000000000e+03
1.669000000000000000e+03
1.637000000000000000e+03
1.610000000000000000e+03
1.449000000000000000e+03
1.413000000000000000e+03
1.429000000000000000e+03
1.381000000000000000e+03
1.288000000000000000e+03
1.280000000000000000e+03
1.186000000000000000e+03
1.110000000000000000e+03
1.081000000000000000e+03
1.058000000000000000e+03
9.730000000000000000e+02
8.760000000000000000e+02
8.680000000000000000e+02
8.310000000000000000e+02
7.520000000000000000e+02
7.040000000000000000e+02
7.140000000000000000e+02
6.960000000000000000e+02
6.440000000000000000e+02
6.290000000000000000e+02
5.980000000000000000e+02
5.370000000000000000e+02
4.990000000000000000e+02
5.390000000000000000e+02
4.840000000000000000e+02
5.160000000000000000e+02
4.920000000000000000e+02
4.320000000000000000e+02
4.330000000000000000e+02
3.660000000000000000e+02
3.760000000000000000e+02
3.360000000000000000e+02
3.770000000000000000e+02
3.230000000000000000e+02
3.570000000000000000e+02
3.460000000000000000e+02
3.560000000000000000e+02
3.510000000000000000e+02
3.240000000000000000e+02
3.230000000000000000e+02
2.980000000000000000e+02
3.220000000000000000e+02
3.080000000000000000e+02
3.190000000000000000e+02
3.160000000000000000e+02
2.990000000000000000e+02
2.910000000000000000e+02
2.830000000000000000e+02
3.020000000000000000e+02
2.610000000000000000e+02
3.020000000000000000e+02
2.770000000000000000e+02
2.990000000000000000e+02
2.870000000000000000e+02
3.020000000000000000e+02
3.100000000000000000e+02
2.850000000000000000e+02
2.830000000000000000e+02
2.670000000000000000e+02
3.130000000000000000e+02
2.730000000000000000e+02
2.790000000000000000e+02
3.170000000000000000e+02
3.480000000000000000e+02
3.530000000000000000e+02
3.200000000000000000e+02
3.080000000000000000e+02
3.110000000000000000e+02
3.490000000000000000e+02
3.730000000000000000e+02
3.930000000000000000e+02
4.380000000000000000e+02
4.580000000000000000e+02
4.830000000000000000e+02
5.350000000000000000e+02
5.450000000000000000e+02
5.300000000000000000e+02
5.160000000000000000e+02
4.710000000000000000e+02
5.200000000000000000e+02
4.820000000000000000e+02
5.010000000000000000e+02
5.030000000000000000e+02
4.770000000000000000e+02
5.060000000000000000e+02
5.410000000000000000e+02
5.830000000000000000e+02
6.010000000000000000e+02
5.680000000000000000e+02
5.350000000000000000e+02
5.180000000000000000e+02
6.330000000000000000e+02
6.590000000000000000e+02
6.810000000000000000e+02
6.450000000000000000e+02
6.380000000000000000e+02
5.990000000000000000e+02
6.680000000000000000e+02
6.660000000000000000e+02
6.210000000000000000e+02
6.110000000000000000e+02
5.680000000000000000e+02
6.100000000000000000e+02
5.850000000000000000e+02
5.850000000000000000e+02
6.230000000000000000e+02
6.670000000000000000e+02
7.350000000000000000e+02
6.310000000000000000e+02
6.650000000000000000e+02
7.060000000000000000e+02
8.080000000000000000e+02
7.670000000000000000e+02
8.500000000000000000e+02
8.210000000000000000e+02
8.770000000000000000e+02
9.550000000000000000e+02
9.480000000000000000e+02
1.165000000000000000e+03
1.334000000000000000e+03
1.278000000000000000e+03
1.538000000000000000e+03
1.667000000000000000e+03
1.760000000000000000e+03
1.641000000000000000e+03
1.428000000000000000e+03
1.439000000000000000e+03
1.261000000000000000e+03
1.133000000000000000e+03
9.130000000000000000e+02
9.140000000000000000e+02
9.560000000000000000e+02
9.470000000000000000e+02
8.730000000000000000e+02
8.220000000000000000e+02
9.360000000000000000e+02
8.990000000000000000e+02
8.530000000000000000e+02
8.970000000000000000e+02
9.290000000000000000e+02
8.460000000000000000e+02
8.760000000000000000e+02
9.920000000000000000e+02
1.158000000000000000e+03
1.281000000000000000e+03
1.486000000000000000e+03
1.562000000000000000e+03
1.630000000000000000e+03
1.772000000000000000e+03
1.782000000000000000e+03
1.724000000000000000e+03
2.387000000000000000e+03
2.268000000000000000e+03
2.453000000000000000e+03
3.063000000000000000e+03
3.043000000000000000e+03
3.612000000000000000e+03
3.364000000000000000e+03
2.807000000000000000e+03
2.440000000000000000e+03
2.154000000000000000e+03
1.358000000000000000e+03
1.322000000000000000e+03
1.275000000000000000e+03
4.890000000000000000e+02
1.660000000000000000e+02
8.900000000000000000e+01
1.150000000000000000e+02
1.030000000000000000e+02
6.500000000000000000e+01
8.300000000000000000e+01
5.400000000000000000e+01
7.600000000000000000e+01
8.100000000000000000e+01
2.500000000000000000e+02
